A = [1,2,3;2,2,2;-1,2,1]
B = [1,0,0;1,1,0;1,1,1]
C = [1,1,;2,1;1,2]
A+B
A*B
A*c
B*c
A.*B