A = [12,17,3,4]
B = [[5,8,3];[1,2,3];[2,4,6]]
c = [5;17;4]
x1 = A(2)
x2 = B(:,3)
x3 = B(3,:)
x4 = [A(1),A(2),A(3);B]

